
politifact=314	epochs=100	train=0.05	val=0.35	test=0.60
politifact	0.7474	0.7755	0.7451	0.7600	0.7174	0.7500	0.7333
politifact	0.7421	0.7624	0.7549	0.7586	0.7191	0.7273	0.7232
politifact	0.7316	0.7684	0.7157	0.7411	0.6947	0.7500	0.7213
politifact	0.7474	0.7755	0.7451	0.7600	0.7174	0.7500	0.7333
politifact	0.7526	0.7835	0.7451	0.7638	0.7204	0.7614	0.7403
politifact=314	epochs=100	train=0.10	val=0.30	test=0.60
politifact	0.8307	0.8276	0.8090	0.8182	0.8333	0.8500	0.8416
politifact	0.8307	0.8519	0.7753	0.8118	0.8148	0.8800	0.8462
politifact	0.8095	0.8442	0.7303	0.7831	0.7857	0.8800	0.8302
politifact	0.8148	0.8857	0.6966	0.7799	0.7731	0.9200	0.8402
politifact	0.8201	0.8873	0.7079	0.7875	0.7797	0.9200	0.8440
politifact=314	epochs=100	train=0.20	val=0.30	test=0.50
politifact	0.8481	0.9178	0.7882	0.8481	0.7882	0.9178	0.8481
politifact	0.8228	0.9014	0.7529	0.8205	0.7586	0.9041	0.8250
politifact	0.8481	0.9067	0.8000	0.8500	0.7952	0.9041	0.8462
politifact	0.8544	0.9429	0.7765	0.8516	0.7841	0.9452	0.8571
politifact	0.8481	0.9178	0.7882	0.8481	0.7882	0.9178	0.8481
politifact=314	epochs=100	train=0.50	val=0.20	test=0.30
politifact	0.8526	0.8491	0.8824	0.8654	0.8571	0.8182	0.8372
politifact	0.8632	0.8519	0.9020	0.8762	0.8780	0.8182	0.8471
politifact	0.8316	0.8431	0.8431	0.8431	0.8182	0.8182	0.8182
politifact	0.8316	0.8431	0.8431	0.8431	0.8182	0.8182	0.8182
politifact	0.8526	0.8491	0.8824	0.8654	0.8571	0.8182	0.8372
condor=7333	epochs=100	train=0.05	val=0.35	test=0.60
condor	0.7598	0.7661	0.8113	0.7880	0.7511	0.6968	0.7229
condor	0.7610	0.7712	0.8043	0.7874	0.7472	0.7079	0.7270
condor	0.7514	0.7680	0.7857	0.7767	0.7301	0.7094	0.7196
condor	0.7580	0.7768	0.7861	0.7814	0.7344	0.7236	0.7289
condor	0.7526	0.7518	0.8216	0.7852	0.7537	0.6680	0.7083
condor=7333	epochs=100	train=0.10	val=0.30	test=0.60
condor	0.7796	0.8087	0.7888	0.7987	0.7453	0.7681	0.7565
condor	0.7823	0.7921	0.8233	0.8074	0.7690	0.7314	0.7497
condor	0.7816	0.8044	0.8007	0.8025	0.7537	0.7579	0.7558
