
politifact=314	epochs=100	train=0.05	val=0.35	test=0.60
politifact	0.7105	0.7971	0.5729	0.6667	0.6612	0.8511	0.7442
politifact	0.7737	0.8841	0.6354	0.7394	0.7107	0.9149	0.8000
politifact	0.7053	0.7500	0.6250	0.6818	0.6727	0.7872	0.7255
politifact	0.7842	0.8873	0.6562	0.7545	0.7227	0.9149	0.8075
politifact	0.7158	0.7763	0.6146	0.6860	0.6754	0.8191	0.7404
politifact=314	epochs=100	train=0.10	val=0.30	test=0.60
politifact	0.7778	0.7103	0.8736	0.7835	0.8659	0.6961	0.7717
politifact	0.7513	0.6887	0.8391	0.7565	0.8313	0.6765	0.7459
politifact	0.7672	0.6838	0.9195	0.7843	0.9028	0.6373	0.7471
politifact	0.7725	0.6930	0.9080	0.7861	0.8933	0.6569	0.7571
politifact	0.7672	0.7087	0.8391	0.7684	0.8372	0.7059	0.7660
politifact=314	epochs=100	train=0.20	val=0.30	test=0.50
politifact	0.7468	0.6849	0.7463	0.7143	0.8000	0.7473	0.7727
politifact	0.6962	0.6118	0.7761	0.6842	0.7945	0.6374	0.7073
politifact	0.7342	0.6761	0.7164	0.6957	0.7816	0.7473	0.7640
politifact	0.4810	0.4460	0.9254	0.6019	0.7368	0.1538	0.2545
politifact	0.7848	0.6897	0.8955	0.7792	0.9014	0.7033	0.7901
politifact=314	epochs=100	train=0.50	val=0.20	test=0.30
politifact	0.8947	0.8491	0.9574	0.9000	0.9524	0.8333	0.8889
politifact	0.8421	0.8333	0.8511	0.8421	0.8511	0.8333	0.8421
politifact	0.8737	0.8723	0.8723	0.8723	0.8750	0.8750	0.8750
politifact	0.8632	0.8400	0.8936	0.8660	0.8889	0.8333	0.8602
politifact	0.9053	0.8654	0.9574	0.9091	0.9535	0.8542	0.9011
condor=7333	epochs=100	train=0.05	val=0.35	test=0.60
condor	0.7587	0.7530	0.8357	0.7922	0.7677	0.6645	0.7124
condor	0.7512	0.7638	0.7931	0.7782	0.7344	0.6998	0.7167
condor	0.7501	0.7727	0.7733	0.7730	0.7223	0.7216	0.7219
condor	0.7337	0.7758	0.7258	0.7500	0.6890	0.7433	0.7151
condor	0.7512	0.7337	0.8600	0.7919	0.7830	0.6180	0.6908
condor=7333	epochs=100	train=0.10	val=0.30	test=0.60
condor	0.7712	0.8185	0.7482	0.7818	0.7237	0.7990	0.7595
condor	0.7803	0.7729	0.8482	0.8088	0.7915	0.6980	0.7418
condor	0.7800	0.8177	0.7702	0.7933	0.7399	0.7920	0.7650
condor	0.7782	0.7991	0.7951	0.7971	0.7532	0.7578	0.7555
condor	0.7785	0.8160	0.7690	0.7918	0.7384	0.7899	0.7633
condor=7333	epochs=100	train=0.20	val=0.30	test=0.50
condor	0.7794	0.7581	0.8789	0.8141	0.8168	0.6582	0.7290
condor	0.7884	0.7896	0.8382	0.8132	0.7868	0.7278	0.7561
condor	0.7827	0.7819	0.8382	0.8091	0.7838	0.7151	0.7479
condor	0.7898	0.7893	0.8422	0.8149	0.7905	0.7260	0.7569
condor	0.7909	0.7870	0.8491	0.8169	0.7965	0.7199	0.7563
condor=7333	epochs=100	train=0.50	val=0.20	test=0.30
condor	0.8187	0.8358	0.8378	0.8368	0.7973	0.7949	0.7961
condor	0.8228	0.8218	0.8690	0.8447	0.8242	0.7653	0.7937
condor	0.8178	0.8301	0.8444	0.8372	0.8019	0.7847	0.7932
condor	0.8224	0.8424	0.8362	0.8393	0.7978	0.8051	0.8014
condor	0.8169	0.8443	0.8215	0.8327	0.7848	0.8112	0.7978
gossipcop=5464	epochs=100	train=0.05	val=0.35	test=0.60
gossipcop	0.9503	0.9609	0.9393	0.9500	0.9400	0.9614	0.9506
gossipcop	0.9494	0.9597	0.9387	0.9491	0.9394	0.9601	0.9497
gossipcop	0.9536	0.9612	0.9460	0.9535	0.9463	0.9614	0.9538
gossipcop	0.9597	0.9588	0.9612	0.9600	0.9607	0.9583	0.9595
gossipcop	0.9393	0.9331	0.9472	0.9401	0.9458	0.9313	0.9385
gossipcop=5464	epochs=100	train=0.10	val=0.30	test=0.60
gossipcop	0.9549	0.9492	0.9628	0.9560	0.9609	0.9466	0.9537
gossipcop	0.9622	0.9679	0.9574	0.9626	0.9564	0.9671	0.9617
gossipcop	0.9637	0.9714	0.9568	0.9641	0.9560	0.9708	0.9634
gossipcop	0.9604	0.9610	0.9610	0.9610	0.9597	0.9597	0.9597
gossipcop	0.9524	0.9638	0.9418	0.9527	0.9412	0.9634	0.9521
gossipcop=5464	epochs=100	train=0.20	val=0.30	test=0.50
gossipcop	0.9667	0.9822	0.9517	0.9667	0.9517	0.9822	0.9667
gossipcop	0.9652	0.9800	0.9510	0.9653	0.9509	0.9799	0.9652
gossipcop	0.9619	0.9805	0.9438	0.9618	0.9442	0.9807	0.9621
gossipcop	0.9630	0.9857	0.9409	0.9628	0.9418	0.9859	0.9633
gossipcop	0.9605	0.9727	0.9488	0.9606	0.9485	0.9725	0.9604
gossipcop=5464	epochs=100	train=0.50	val=0.20	test=0.30
gossipcop	0.9726	0.9776	0.9667	0.9721	0.9677	0.9783	0.9730
gossipcop	0.9750	0.9765	0.9729	0.9747	0.9735	0.9771	0.9753
gossipcop	0.9726	0.9717	0.9729	0.9723	0.9734	0.9722	0.9728
gossipcop	0.9726	0.9740	0.9704	0.9722	0.9711	0.9746	0.9729
gossipcop	0.9707	0.9670	0.9741	0.9706	0.9745	0.9674	0.9709
