politifact=314	epochs=100	train=0.05	val=0.35	test=0.60
politifact	0.7579	0.9048	0.5876	0.7125	0.6850	0.9355	0.7909
politifact	0.6263	0.6512	0.5773	0.6120	0.6058	0.6774	0.6396
politifact	0.6737	0.9730	0.3711	0.5373	0.6013	0.9892	0.7480
politifact	0.6263	0.6585	0.5567	0.6034	0.6019	0.6989	0.6468
politifact	0.6842	0.6989	0.6701	0.6842	0.6701	0.6989	0.6842
politifact=314	epochs=100	train=0.10	val=0.30	test=0.60
politifact	0.7989	0.8132	0.7789	0.7957	0.7857	0.8191	0.8021
politifact	0.7937	0.8500	0.7158	0.7771	0.7523	0.8723	0.8079
politifact	0.8254	0.8163	0.8421	0.8290	0.8352	0.8085	0.8216
politifact	0.8201	0.8081	0.8421	0.8247	0.8333	0.7979	0.8152
politifact	0.7937	0.8333	0.7368	0.7821	0.7619	0.8511	0.8040
politifact=314	epochs=100	train=0.20	val=0.30	test=0.50
politifact	0.8418	0.9014	0.7805	0.8366	0.7931	0.9079	0.8466
politifact	0.8101	0.8824	0.7317	0.8000	0.7556	0.8947	0.8193
politifact	0.8291	0.8767	0.7805	0.8258	0.7882	0.8816	0.8323
politifact	0.8101	0.8714	0.7439	0.8026	0.7614	0.8816	0.8171
politifact	0.8228	0.8750	0.7683	0.8182	0.7791	0.8816	0.8272
politifact=314	epochs=100	train=0.50	val=0.20	test=0.30
politifact	0.8421	0.8478	0.8298	0.8387	0.8367	0.8542	0.8454
politifact	0.8632	0.8864	0.8298	0.8571	0.8431	0.8958	0.8687
politifact	0.8421	0.8478	0.8298	0.8387	0.8367	0.8542	0.8454
politifact	0.8421	0.8333	0.8511	0.8421	0.8511	0.8333	0.8421
politifact	0.8421	0.8333	0.8511	0.8421	0.8511	0.8333	0.8421
condor=7333	epochs=100	train=0.05	val=0.35	test=0.60
condor	0.7164	0.7348	0.7667	0.7504	0.6910	0.6535	0.6718
condor	0.7080	0.7539	0.7049	0.7286	0.6583	0.7119	0.6840
condor	0.7060	0.7577	0.6927	0.7237	0.6525	0.7226	0.6858
condor	0.7142	0.7362	0.7573	0.7466	0.6847	0.6602	0.6722
condor	0.7030	0.7577	0.6849	0.7195	0.6478	0.7257	0.6845
condor=7333	epochs=100	train=0.10	val=0.30	test=0.60
condor	0.7255	0.7879	0.6918	0.7367	0.6662	0.7676	0.7133
condor	0.7446	0.7501	0.8097	0.7787	0.7364	0.6634	0.6980
condor	0.7439	0.7500	0.8080	0.7779	0.7349	0.6639	0.6976
condor	0.7342	0.7614	0.7589	0.7601	0.7004	0.7033	0.7018
condor	0.7446	0.7713	0.7675	0.7694	0.7117	0.7160	0.7138
condor=7333	epochs=100	train=0.20	val=0.30	test=0.50
