politifact=314	epochs=100	train=0.05	val=0.35	test=0.60
politifact	0.7789	0.7800	0.7959	0.7879	0.7778	0.7609	0.7692
politifact	0.7789	0.7692	0.8163	0.7921	0.7907	0.7391	0.7640
politifact	0.7947	0.8831	0.6939	0.7771	0.7345	0.9022	0.8098
politifact	0.7579	0.7453	0.8061	0.7745	0.7738	0.7065	0.7386
politifact	0.7737	0.8767	0.6531	0.7485	0.7094	0.9022	0.7943
politifact=314	epochs=100	train=0.10	val=0.30	test=0.60
politifact	0.7460	0.7528	0.7204	0.7363	0.7400	0.7708	0.7551
politifact	0.7407	0.7037	0.8172	0.7562	0.7901	0.6667	0.7232
politifact	0.7619	0.7500	0.7742	0.7619	0.7742	0.7500	0.7619
politifact	0.7090	0.6979	0.7204	0.7090	0.7204	0.6979	0.7090
politifact	0.7778	0.7525	0.8172	0.7835	0.8068	0.7396	0.7717
politifact=314	epochs=100	train=0.20	val=0.30	test=0.50
politifact	0.7785	0.6966	0.8857	0.7799	0.8841	0.6932	0.7771
politifact	0.8038	0.7294	0.8857	0.8000	0.8904	0.7386	0.8075
politifact	0.7911	0.7126	0.8857	0.7898	0.8873	0.7159	0.7925
politifact	0.7848	0.7250	0.8286	0.7733	0.8462	0.7500	0.7952
politifact	0.7975	0.7262	0.8714	0.7922	0.8784	0.7386	0.8025
politifact=314	epochs=100	train=0.50	val=0.20	test=0.30
politifact	0.7895	0.7000	0.7778	0.7368	0.8545	0.7966	0.8246
politifact	0.8000	0.7073	0.8056	0.7532	0.8704	0.7966	0.8319
politifact	0.8211	0.7714	0.7500	0.7606	0.8500	0.8644	0.8571
politifact	0.8105	0.7368	0.7778	0.7568	0.8596	0.8305	0.8448
politifact	0.7789	0.6596	0.8611	0.7470	0.8958	0.7288	0.8037
condor=7333	epochs=100	train=0.05	val=0.35	test=0.60
condor	0.7098	0.6858	0.8643	0.7648	0.7627	0.5243	0.6214
condor	0.7578	0.7530	0.8276	0.7886	0.7649	0.6738	0.7165
condor	0.7451	0.7502	0.7989	0.7738	0.7379	0.6803	0.7080
condor	0.7330	0.7170	0.8439	0.7753	0.7618	0.5998	0.6711
condor	0.7264	0.7496	0.7490	0.7493	0.6987	0.6993	0.6990
condor=7333	epochs=100	train=0.10	val=0.30	test=0.60
condor	0.7616	0.7628	0.8229	0.7917	0.7599	0.6866	0.7214
condor	0.7562	0.7689	0.7965	0.7825	0.7393	0.7068	0.7227
condor	0.7589	0.7603	0.8209	0.7894	0.7569	0.6830	0.7180
condor	0.7730	0.7618	0.8551	0.8058	0.7912	0.6724	0.7270
condor	0.7678	0.7746	0.8155	0.7945	0.7584	0.7093	0.7330
condor=7333	epochs=100	train=0.20	val=0.30	test=0.50
condor	0.8018	0.7968	0.8650	0.8295	0.8094	0.7221	0.7633
condor	0.7912	0.8350	0.7795	0.8063	0.7436	0.8059	0.7735
condor	0.7996	0.7966	0.8601	0.8272	0.8041	0.7234	0.7616
