
politifact=314	epochs=100	train=0.05	val=0.35	test=0.60
politifact	0.7474	0.7007	0.9320	0.8000	0.8679	0.5287	0.6571
politifact	0.7368	0.6906	0.9320	0.7934	0.8627	0.5057	0.6377
politifact	0.7474	0.7007	0.9320	0.8000	0.8679	0.5287	0.6571
politifact	0.6947	0.6490	0.9515	0.7717	0.8718	0.3908	0.5397
politifact	0.7053	0.6556	0.9612	0.7795	0.8974	0.4023	0.5556
politifact=314	epochs=100	train=0.10	val=0.30	test=0.60
politifact	0.7778	0.8293	0.7083	0.7640	0.7383	0.8495	0.7900
politifact	0.7884	0.8684	0.6875	0.7674	0.7345	0.8925	0.8058
politifact	0.7884	0.8590	0.6979	0.7701	0.7387	0.8817	0.8039
politifact	0.7937	0.8608	0.7083	0.7771	0.7455	0.8817	0.8079
politifact	0.7884	0.8590	0.6979	0.7701	0.7387	0.8817	0.8039
politifact=314	epochs=100	train=0.20	val=0.30	test=0.50
politifact	0.7848	0.7857	0.8049	0.7952	0.7838	0.7632	0.7733
politifact	0.7785	0.7831	0.7927	0.7879	0.7733	0.7632	0.7682
politifact	0.7911	0.8025	0.7927	0.7975	0.7792	0.7895	0.7843
politifact	0.7975	0.8049	0.8049	0.8049	0.7895	0.7895	0.7895
politifact	0.8038	0.8148	0.8049	0.8098	0.7922	0.8026	0.7974
politifact=314	epochs=100	train=0.50	val=0.20	test=0.30
politifact	0.7684	0.7083	0.8095	0.7556	0.8298	0.7358	0.7800
politifact	0.8105	0.7500	0.8571	0.8000	0.8723	0.7736	0.8200
politifact	0.8105	0.7400	0.8810	0.8043	0.8889	0.7547	0.8163
politifact	0.8105	0.7500	0.8571	0.8000	0.8723	0.7736	0.8200
politifact	0.7684	0.6923	0.8571	0.7660	0.8605	0.6981	0.7708
condor=7333	epochs=100	train=0.05	val=0.35	test=0.60
condor	0.7464	0.7497	0.8057	0.7767	0.7417	0.6747	0.7066
condor	0.7398	0.7353	0.8198	0.7753	0.7469	0.6431	0.6911
condor	0.7362	0.7637	0.7501	0.7569	0.7042	0.7194	0.7117
condor	0.7407	0.7522	0.7850	0.7682	0.7255	0.6872	0.7059
condor	0.7369	0.7418	0.7966	0.7682	0.7299	0.6647	0.6957
condor=7333	epochs=100	train=0.10	val=0.30	test=0.60
condor	0.7623	0.7727	0.8052	0.7886	0.7484	0.7098	0.7286
condor	0.7610	0.7865	0.7767	0.7816	0.7306	0.7417	0.7361
condor	0.7698	0.7776	0.8151	0.7959	0.7593	0.7144	0.7361
condor	0.7591	0.7642	0.8135	0.7881	0.7519	0.6926	0.7211
condor	0.7669	0.7836	0.7965	0.7900	0.7456	0.7305	0.7380
condor=7333	epochs=100	train=0.20	val=0.30	test=0.50
condor	0.7917	0.7982	0.8254	0.8115	0.7834	0.7516	0.7672
