politifact=314	epochs=100	train=0.05	val=0.35	test=0.60
politifact	0.4842	0.4842	1.0000	0.6525	0.0000	0.0000	0.0000
politifact	0.4895	0.4868	1.0000	0.6548	1.0000	0.0102	0.0202
politifact	0.6368	0.6018	0.7391	0.6634	0.6883	0.5408	0.6057
politifact	0.6316	0.5873	0.8043	0.6789	0.7188	0.4694	0.5679
politifact	0.4842	0.4842	1.0000	0.6525	0.0000	0.0000	0.0000
politifact=314	epochs=100	train=0.10	val=0.30	test=0.60
politifact	0.6402	0.5845	0.9022	0.7094	0.8085	0.3918	0.5278
politifact	0.5873	0.5729	0.5978	0.5851	0.6022	0.5773	0.5895
politifact	0.6455	0.6316	0.6522	0.6417	0.6596	0.6392	0.6492
politifact	0.5979	0.5727	0.6848	0.6238	0.6329	0.5155	0.5682
politifact	0.6667	0.7302	0.5000	0.5935	0.6349	0.8247	0.7175
politifact=314	epochs=100	train=0.20	val=0.30	test=0.50
politifact	0.6392	0.6598	0.7273	0.6919	0.6066	0.5286	0.5649
politifact	0.7215	0.7895	0.6818	0.7317	0.6585	0.7714	0.7105
politifact	0.6329	0.7083	0.5795	0.6375	0.5698	0.7000	0.6282
politifact	0.6899	0.7407	0.6818	0.7101	0.6364	0.7000	0.6667
politifact	0.6646	0.6446	0.8864	0.7464	0.7297	0.3857	0.5047
politifact=314	epochs=100	train=0.50	val=0.20	test=0.30
politifact	0.6526	0.6863	0.6731	0.6796	0.6136	0.6279	0.6207
politifact	0.5579	0.6389	0.4423	0.5227	0.5085	0.6977	0.5882
politifact	0.5684	0.6486	0.4615	0.5393	0.5172	0.6977	0.5941
politifact	0.6000	0.6458	0.5962	0.6200	0.5532	0.6047	0.5778
politifact	0.5789	0.6364	0.5385	0.5833	0.5294	0.6279	0.5745
condor=7333	epochs=100	train=0.05	val=0.35	test=0.60
