----------------------------  RNN + GNN --------------------------------------
CONDOR - Train 1%, Val 39%, Test 60%
sp_0_seqlen_5	0.5459	0.5729	0.7436	0.6472	0.4739	0.2941	0.3629
sp_0_seqlen_10	0.5822	0.6184	0.6636	0.6402	0.5277	0.4787	0.5020
sp_0_seqlen_20	0.6077	0.6827	0.5598	0.6152	0.5440	0.6687	0.5999
sp_0_seqlen_40	0.6665	0.6970	0.7155	0.7062	0.6251	0.6040	0.6144
sp_0_seqlen_60	0.6774	0.6976	0.7485	0.7221	0.6469	0.5868	0.6154
sp_0_seqlen_80	0.7146	0.7144	0.8172	0.7624	0.7150	0.5840	0.6429
CONDOR - Train 10%, Val 30%, Test 60%
sp_0_seqlen_5	0.5895	0.5928	0.8135	0.6858	0.5794	0.3149	0.4080
sp_0_seqlen_10	0.5974	0.6246	0.6744	0.6485	0.5575	0.5030	0.5289
sp_0_seqlen_20	0.6553	0.6760	0.7184	0.6965	0.6260	0.5779	0.6010
sp_0_seqlen_40	0.7025	0.7299	0.7299	0.7299	0.6689	0.6689	0.6689
sp_0_seqlen_60	0.7234	0.7158	0.8256	0.7668	0.7367	0.5981	0.6602
sp_0_seqlen_80	0.7489	0.7588	0.7976	0.7777	0.7353	0.6891	0.7115
CONDOR - Train 50%, Val 30%, Test 20%
sp_0_seqlen_5	0.5831	0.6226	0.6773	0.6488	0.5190	0.4589	0.4872
sp_0_seqlen_10	0.6258	0.6588	0.7093	0.6831	0.5738	0.5158	0.5432
sp_0_seqlen_20	0.7075	0.7222	0.7891	0.7542	0.6835	0.6000	0.6390
sp_0_seqlen_40	0.7139	0.7570	0.7316	0.7441	0.6613	0.6905	0.6756
sp_0_seqlen_60	0.7275	0.7579	0.7652	0.7615	0.6866	0.6779	0.6822
sp_0_seqlen_80	0.7520	0.7815	0.7827	0.7821	0.7131	0.7116	0.7123
GOSSIPCOP - Train 1%, Val 39%, Test 60%
sp_0_seqlen_5	0.8635	0.7802	0.5420	0.6397	0.8788	0.9561	0.9158
sp_0_seqlen_10	0.8848	0.7905	0.6595	0.7191	0.9065	0.9497	0.9276
sp_0_seqlen_20	0.9154	0.8219	0.7934	0.8074	0.9411	0.9505	0.9458
sp_0_seqlen_40	0.9157	0.8452	0.7622	0.8016	0.9334	0.9598	0.9464
sp_0_seqlen_60	0.9201	0.9199	0.7037	0.7974	0.9201	0.9824	0.9502
sp_0_seqlen_80	0.8994	0.7687	0.7866	0.7776	0.9382	0.9319	0.9350
GOSSIPCOP - Train 10%, Val 30%, Test 60%
sp_0_seqlen_5	0.9034	0.7938	0.7443	0.7682	0.9310	0.9470	0.9390
sp_0_seqlen_10	0.9200	0.8063	0.8268	0.8164	0.9522	0.9455	0.9488
sp_0_seqlen_20	0.9358	0.8281	0.8857	0.8559	0.9680	0.9496	0.9587
sp_0_seqlen_40	0.9434	0.8405	0.9098	0.8738	0.9747	0.9527	0.9636
sp_0_seqlen_60	0.9549	0.8735	0.9240	0.8981	0.9788	0.9633	0.9710
sp_0_seqlen_80	0.9593	0.8905	0.9246	0.9072	0.9791	0.9688	0.9739
GOSSIPCOP - Train 50%, Val 30%, Test 20%
sp_0_seqlen_5	0.9281	0.8347	0.8502	0.8424	0.9560	0.9509	0.9534
sp_0_seqlen_10	0.9460	0.8553	0.9158	0.8846	0.9749	0.9548	0.9647
sp_0_seqlen_20	0.9585	0.9008	0.9175	0.9091	0.9758	0.9705	0.9731
sp_0_seqlen_40	0.9593	0.9162	0.9024	0.9092	0.9716	0.9759	0.9738
sp_0_seqlen_60	0.9661	0.9119	0.9411	0.9263	0.9826	0.9735	0.9780
sp_0_seqlen_80	0.9719	0.9407	0.9343	0.9375	0.9809	0.9828	0.9818
POLITIFACT - Train 1%, Val 39%, Test 60%
sp_0_seqlen_5	0.6000	0.5839	0.6963	0.6351	0.6239	0.5037	0.5574
sp_0_seqlen_10	0.6630	0.6250	0.8148	0.7074	0.7340	0.5111	0.6026
sp_0_seqlen_20	0.6000	0.6667	0.4000	0.5000	0.5714	0.8000	0.6667
sp_0_seqlen_40	0.6370	0.6294	0.6667	0.6475	0.6457	0.6074	0.6260
sp_0_seqlen_60	0.6815	0.8451	0.4444	0.5825	0.6231	0.9185	0.7425
sp_0_seqlen_80	0.6778	0.6739	0.6889	0.6813	0.6818	0.6667	0.6742
POLITIFACT - Train 10%, Val 30%, Test 60%
sp_0_seqlen_5	0.7222	0.7179	0.6667	0.6914	0.7255	0.7708	0.7475
sp_0_seqlen_10	0.7185	0.6623	0.8095	0.7286	0.7931	0.6389	0.7077
sp_0_seqlen_20	0.7407	0.7222	0.7222	0.7222	0.7569	0.7569	0.7569
sp_0_seqlen_40	0.7407	0.7090	0.7540	0.7308	0.7721	0.7292	0.7500
sp_0_seqlen_60	0.7593	0.7194	0.7937	0.7547	0.8015	0.7292	0.7636
sp_0_seqlen_80	0.7963	0.7518	0.8413	0.7940	0.8450	0.7569	0.7985
POLITIFACT - Train 50%, Val 30%, Test 20%
sp_0_seqlen_5	0.7778	0.7556	0.7907	0.7727	0.8000	0.7660	0.7826
sp_0_seqlen_10	0.7556	0.7442	0.7442	0.7442	0.7660	0.7660	0.7660
sp_0_seqlen_20	0.7889	0.8158	0.7209	0.7654	0.7692	0.8511	0.8081
sp_0_seqlen_40	0.7333	0.7111	0.7442	0.7273	0.7556	0.7234	0.7391
sp_0_seqlen_60	0.7778	0.8108	0.6977	0.7500	0.7547	0.8511	0.8000
sp_0_seqlen_80	0.7333	0.7436	0.6744	0.7073	0.7255	0.7872	0.7551
----------------------------  ? --------------------------------------
