
politifact=314	epochs=100	train=0.05	val=0.35	test=0.60
politifact	0.7474	0.7755	0.7451	0.7600	0.7174	0.7500	0.7333
politifact	0.7421	0.7624	0.7549	0.7586	0.7191	0.7273	0.7232
politifact	0.7316	0.7684	0.7157	0.7411	0.6947	0.7500	0.7213
politifact	0.7474	0.7755	0.7451	0.7600	0.7174	0.7500	0.7333
politifact	0.7526	0.7835	0.7451	0.7638	0.7204	0.7614	0.7403
politifact=314	epochs=100	train=0.10	val=0.30	test=0.60
politifact	0.8307	0.8276	0.8090	0.8182	0.8333	0.8500	0.8416
politifact	0.8307	0.8519	0.7753	0.8118	0.8148	0.8800	0.8462
politifact	0.8095	0.8442	0.7303	0.7831	0.7857	0.8800	0.8302
politifact	0.8148	0.8857	0.6966	0.7799	0.7731	0.9200	0.8402
politifact	0.8201	0.8873	0.7079	0.7875	0.7797	0.9200	0.8440
politifact=314	epochs=100	train=0.20	val=0.30	test=0.50
politifact	0.8481	0.9178	0.7882	0.8481	0.7882	0.9178	0.8481
politifact	0.8228	0.9014	0.7529	0.8205	0.7586	0.9041	0.8250
politifact	0.8481	0.9067	0.8000	0.8500	0.7952	0.9041	0.8462
politifact	0.8544	0.9429	0.7765	0.8516	0.7841	0.9452	0.8571
politifact	0.8481	0.9178	0.7882	0.8481	0.7882	0.9178	0.8481
politifact=314	epochs=100	train=0.50	val=0.20	test=0.30
politifact	0.8526	0.8491	0.8824	0.8654	0.8571	0.8182	0.8372
politifact	0.8632	0.8519	0.9020	0.8762	0.8780	0.8182	0.8471
politifact	0.8316	0.8431	0.8431	0.8431	0.8182	0.8182	0.8182
politifact	0.8316	0.8431	0.8431	0.8431	0.8182	0.8182	0.8182
politifact	0.8526	0.8491	0.8824	0.8654	0.8571	0.8182	0.8372
condor=7333	epochs=100	train=0.05	val=0.35	test=0.60
condor	0.7598	0.7661	0.8113	0.7880	0.7511	0.6968	0.7229
condor	0.7610	0.7712	0.8043	0.7874	0.7472	0.7079	0.7270
condor	0.7514	0.7680	0.7857	0.7767	0.7301	0.7094	0.7196
condor	0.7580	0.7768	0.7861	0.7814	0.7344	0.7236	0.7289
condor	0.7526	0.7518	0.8216	0.7852	0.7537	0.6680	0.7083
condor=7333	epochs=100	train=0.10	val=0.30	test=0.60
condor	0.7796	0.8087	0.7888	0.7987	0.7453	0.7681	0.7565
condor	0.7823	0.7921	0.8233	0.8074	0.7690	0.7314	0.7497
condor	0.7816	0.8044	0.8007	0.8025	0.7537	0.7579	0.7558
condor	0.7835	0.7812	0.8462	0.8124	0.7868	0.7054	0.7439
condor	0.7776	0.8052	0.7897	0.7974	0.7446	0.7625	0.7535
condor=7333	epochs=100	train=0.20	val=0.30	test=0.50
condor	0.7884	0.7876	0.8560	0.8204	0.7898	0.7009	0.7427
condor	0.8002	0.8043	0.8536	0.8282	0.7940	0.7309	0.7612
condor	0.7993	0.8143	0.8348	0.8244	0.7788	0.7534	0.7659
condor	0.7958	0.8165	0.8232	0.8198	0.7685	0.7603	0.7644
condor	0.7969	0.8361	0.7961	0.8156	0.7513	0.7979	0.7739
condor=7333	epochs=100	train=0.50	val=0.20	test=0.30
condor	0.8205	0.8311	0.8494	0.8401	0.8067	0.7845	0.7954
condor	0.8201	0.8207	0.8650	0.8422	0.8193	0.7640	0.7907
condor	0.8142	0.7935	0.8993	0.8431	0.8493	0.7079	0.7721
condor	0.8310	0.8130	0.9034	0.8558	0.8600	0.7406	0.7958
condor	0.8255	0.8090	0.8977	0.8510	0.8521	0.7354	0.7895
gossipcop=5464	epochs=100	train=0.05	val=0.35	test=0.60
gossipcop	0.8057	0.7868	0.8356	0.8105	0.8269	0.7762	0.8008
gossipcop	0.8198	0.8124	0.8288	0.8205	0.8274	0.8108	0.8190
gossipcop	0.8085	0.8040	0.8129	0.8084	0.8130	0.8041	0.8085
gossipcop	0.8112	0.7907	0.8436	0.8163	0.8344	0.7793	0.8059
gossipcop	0.8085	0.7951	0.8282	0.8113	0.8229	0.7890	0.8056
gossipcop=5464	epochs=100	train=0.10	val=0.30	test=0.60
gossipcop	0.8402	0.8411	0.8380	0.8396	0.8393	0.8424	0.8408
gossipcop	0.8463	0.8758	0.8062	0.8396	0.8212	0.8862	0.8525
gossipcop	0.8506	0.8456	0.8570	0.8512	0.8556	0.8442	0.8499
gossipcop	0.8347	0.8291	0.8423	0.8357	0.8404	0.8271	0.8337
gossipcop	0.8304	0.8100	0.8625	0.8354	0.8536	0.7985	0.8252
gossipcop=5464	epochs=100	train=0.20	val=0.30	test=0.50
gossipcop	0.8954	0.9001	0.8853	0.8926	0.8909	0.9050	0.8979
gossipcop	0.8924	0.8854	0.8972	0.8913	0.8994	0.8878	0.8936
gossipcop	0.9008	0.8878	0.9136	0.9006	0.9141	0.8885	0.9011
gossipcop	0.8844	0.8650	0.9062	0.8851	0.9050	0.8633	0.8837
gossipcop	0.8932	0.8767	0.9106	0.8934	0.9103	0.8763	0.8930
gossipcop=5464	epochs=100	train=0.50	val=0.20	test=0.30
gossipcop	0.9524	0.9455	0.9614	0.9534	0.9598	0.9432	0.9514
gossipcop	0.9543	0.9426	0.9687	0.9554	0.9670	0.9395	0.9530
gossipcop	0.9561	0.9523	0.9614	0.9568	0.9601	0.9506	0.9553
gossipcop	0.9585	0.9624	0.9554	0.9589	0.9547	0.9617	0.9582
gossipcop	0.9518	0.9423	0.9639	0.9529	0.9621	0.9395	0.9507
