politifact=314	epochs=100	train=0.05	val=0.35	test=0.60
politifact	0.7789	0.7800	0.7959	0.7879	0.7778	0.7609	0.7692
politifact	0.7789	0.7692	0.8163	0.7921	0.7907	0.7391	0.7640
politifact	0.7947	0.8831	0.6939	0.7771	0.7345	0.9022	0.8098
politifact	0.7579	0.7453	0.8061	0.7745	0.7738	0.7065	0.7386
politifact	0.7737	0.8767	0.6531	0.7485	0.7094	0.9022	0.7943
politifact=314	epochs=100	train=0.10	val=0.30	test=0.60
politifact	0.7460	0.7528	0.7204	0.7363	0.7400	0.7708	0.7551
politifact	0.7407	0.7037	0.8172	0.7562	0.7901	0.6667	0.7232
politifact	0.7619	0.7500	0.7742	0.7619	0.7742	0.7500	0.7619
politifact	0.7090	0.6979	0.7204	0.7090	0.7204	0.6979	0.7090
politifact	0.7778	0.7525	0.8172	0.7835	0.8068	0.7396	0.7717
politifact=314	epochs=100	train=0.20	val=0.30	test=0.50
politifact	0.7785	0.6966	0.8857	0.7799	0.8841	0.6932	0.7771
politifact	0.8038	0.7294	0.8857	0.8000	0.8904	0.7386	0.8075
politifact	0.7911	0.7126	0.8857	0.7898	0.8873	0.7159	0.7925
politifact	0.7848	0.7250	0.8286	0.7733	0.8462	0.7500	0.7952
politifact	0.7975	0.7262	0.8714	0.7922	0.8784	0.7386	0.8025
politifact=314	epochs=100	train=0.50	val=0.20	test=0.30
politifact	0.7895	0.7000	0.7778	0.7368	0.8545	0.7966	0.8246
politifact	0.8000	0.7073	0.8056	0.7532	0.8704	0.7966	0.8319
politifact	0.8211	0.7714	0.7500	0.7606	0.8500	0.8644	0.8571
politifact	0.8105	0.7368	0.7778	0.7568	0.8596	0.8305	0.8448
politifact	0.7789	0.6596	0.8611	0.7470	0.8958	0.7288	0.8037
condor=7333	epochs=100	train=0.05	val=0.35	test=0.60
condor	0.7098	0.6858	0.8643	0.7648	0.7627	0.5243	0.6214
condor	0.7578	0.7530	0.8276	0.7886	0.7649	0.6738	0.7165
condor	0.7451	0.7502	0.7989	0.7738	0.7379	0.6803	0.7080
condor	0.7330	0.7170	0.8439	0.7753	0.7618	0.5998	0.6711
condor	0.7264	0.7496	0.7490	0.7493	0.6987	0.6993	0.6990
condor=7333	epochs=100	train=0.10	val=0.30	test=0.60
condor	0.7616	0.7628	0.8229	0.7917	0.7599	0.6866	0.7214
condor	0.7562	0.7689	0.7965	0.7825	0.7393	0.7068	0.7227
condor	0.7589	0.7603	0.8209	0.7894	0.7569	0.6830	0.7180
condor	0.7730	0.7618	0.8551	0.8058	0.7912	0.6724	0.7270
condor	0.7678	0.7746	0.8155	0.7945	0.7584	0.7093	0.7330
condor=7333	epochs=100	train=0.20	val=0.30	test=0.50
condor	0.8018	0.7968	0.8650	0.8295	0.8094	0.7221	0.7633
condor	0.7912	0.8350	0.7795	0.8063	0.7436	0.8059	0.7735
condor	0.7996	0.7966	0.8601	0.8272	0.8041	0.7234	0.7616
condor	0.7917	0.7992	0.8367	0.8175	0.7813	0.7351	0.7575
condor	0.7816	0.8011	0.8093	0.8052	0.7566	0.7468	0.7516
condor=7333	epochs=100	train=0.50	val=0.20	test=0.30
condor	0.8323	0.8205	0.8914	0.8544	0.8502	0.7596	0.8024
condor	0.8278	0.8536	0.8305	0.8419	0.7978	0.8245	0.8110
condor	0.8310	0.8353	0.8642	0.8495	0.8252	0.7901	0.8073
condor	0.8451	0.8291	0.9062	0.8659	0.8694	0.7698	0.8166
condor	0.8260	0.7989	0.9152	0.8531	0.8727	0.7160	0.7866
gossipcop=5464	epochs=100	train=0.05	val=0.35	test=0.60
gossipcop	0.9665	0.9678	0.9642	0.9660	0.9652	0.9687	0.9669
gossipcop	0.9732	0.9665	0.9796	0.9730	0.9798	0.9668	0.9733
gossipcop	0.9729	0.9653	0.9802	0.9727	0.9804	0.9656	0.9730
gossipcop	0.9732	0.9688	0.9772	0.9730	0.9775	0.9693	0.9734
gossipcop	0.9637	0.9641	0.9623	0.9632	0.9633	0.9650	0.9642
gossipcop=5464	epochs=100	train=0.10	val=0.30	test=0.60
gossipcop	0.9753	0.9640	0.9879	0.9758	0.9874	0.9625	0.9748
gossipcop	0.9732	0.9633	0.9843	0.9737	0.9837	0.9619	0.9727
gossipcop	0.9741	0.9706	0.9782	0.9744	0.9777	0.9699	0.9738
gossipcop	0.9726	0.9605	0.9861	0.9731	0.9855	0.9588	0.9720
gossipcop	0.9741	0.9734	0.9752	0.9743	0.9748	0.9730	0.9739
gossipcop=5464	epochs=100	train=0.20	val=0.30	test=0.50
gossipcop	0.9810	0.9723	0.9896	0.9809	0.9897	0.9726	0.9811
gossipcop	0.9795	0.9708	0.9881	0.9794	0.9883	0.9712	0.9796
gossipcop	0.9759	0.9651	0.9866	0.9758	0.9867	0.9654	0.9759
gossipcop	0.9773	0.9700	0.9844	0.9771	0.9846	0.9704	0.9775
gossipcop	0.9777	0.9673	0.9881	0.9776	0.9882	0.9676	0.9778
gossipcop=5464	epochs=100	train=0.50	val=0.20	test=0.30
gossipcop	0.9823	0.9760	0.9891	0.9825	0.9888	0.9755	0.9821
gossipcop	0.9817	0.9760	0.9879	0.9819	0.9876	0.9755	0.9815
gossipcop	0.9774	0.9646	0.9915	0.9779	0.9912	0.9632	0.9770
gossipcop	0.9799	0.9703	0.9903	0.9802	0.9900	0.9694	0.9796
gossipcop	0.9787	0.9658	0.9927	0.9791	0.9924	0.9645	0.9782
