
politifact=314	epochs=100	train=0.05	val=0.35	test=0.60
politifact	0.7474	0.7007	0.9320	0.8000	0.8679	0.5287	0.6571
politifact	0.7368	0.6906	0.9320	0.7934	0.8627	0.5057	0.6377
politifact	0.7474	0.7007	0.9320	0.8000	0.8679	0.5287	0.6571
politifact	0.6947	0.6490	0.9515	0.7717	0.8718	0.3908	0.5397
politifact	0.7053	0.6556	0.9612	0.7795	0.8974	0.4023	0.5556
politifact=314	epochs=100	train=0.10	val=0.30	test=0.60
politifact	0.7778	0.8293	0.7083	0.7640	0.7383	0.8495	0.7900
politifact	0.7884	0.8684	0.6875	0.7674	0.7345	0.8925	0.8058
politifact	0.7884	0.8590	0.6979	0.7701	0.7387	0.8817	0.8039
politifact	0.7937	0.8608	0.7083	0.7771	0.7455	0.8817	0.8079
politifact	0.7884	0.8590	0.6979	0.7701	0.7387	0.8817	0.8039
politifact=314	epochs=100	train=0.20	val=0.30	test=0.50
politifact	0.7848	0.7857	0.8049	0.7952	0.7838	0.7632	0.7733
politifact	0.7785	0.7831	0.7927	0.7879	0.7733	0.7632	0.7682
politifact	0.7911	0.8025	0.7927	0.7975	0.7792	0.7895	0.7843
politifact	0.7975	0.8049	0.8049	0.8049	0.7895	0.7895	0.7895
politifact	0.8038	0.8148	0.8049	0.8098	0.7922	0.8026	0.7974
politifact=314	epochs=100	train=0.50	val=0.20	test=0.30
politifact	0.7684	0.7083	0.8095	0.7556	0.8298	0.7358	0.7800
politifact	0.8105	0.7500	0.8571	0.8000	0.8723	0.7736	0.8200
politifact	0.8105	0.7400	0.8810	0.8043	0.8889	0.7547	0.8163
politifact	0.8105	0.7500	0.8571	0.8000	0.8723	0.7736	0.8200
politifact	0.7684	0.6923	0.8571	0.7660	0.8605	0.6981	0.7708
condor=7333	epochs=100	train=0.05	val=0.35	test=0.60
condor	0.7464	0.7497	0.8057	0.7767	0.7417	0.6747	0.7066
condor	0.7398	0.7353	0.8198	0.7753	0.7469	0.6431	0.6911
condor	0.7362	0.7637	0.7501	0.7569	0.7042	0.7194	0.7117
condor	0.7407	0.7522	0.7850	0.7682	0.7255	0.6872	0.7059
condor	0.7369	0.7418	0.7966	0.7682	0.7299	0.6647	0.6957
condor=7333	epochs=100	train=0.10	val=0.30	test=0.60
condor	0.7623	0.7727	0.8052	0.7886	0.7484	0.7098	0.7286
condor	0.7610	0.7865	0.7767	0.7816	0.7306	0.7417	0.7361
condor	0.7698	0.7776	0.8151	0.7959	0.7593	0.7144	0.7361
condor	0.7591	0.7642	0.8135	0.7881	0.7519	0.6926	0.7211
condor	0.7669	0.7836	0.7965	0.7900	0.7456	0.7305	0.7380
condor=7333	epochs=100	train=0.20	val=0.30	test=0.50
condor	0.7917	0.7982	0.8254	0.8115	0.7834	0.7516	0.7672
condor	0.7909	0.7830	0.8510	0.8156	0.8023	0.7194	0.7586
condor	0.7955	0.7908	0.8480	0.8184	0.8021	0.7331	0.7661
condor	0.7882	0.8031	0.8083	0.8057	0.7702	0.7642	0.7672
condor	0.7909	0.7911	0.8359	0.8129	0.7907	0.7373	0.7631
condor=7333	epochs=100	train=0.50	val=0.20	test=0.30
condor	0.8287	0.8023	0.9013	0.8489	0.8683	0.7456	0.8023
condor	0.8224	0.8208	0.8536	0.8369	0.8243	0.7865	0.8050
condor	0.8355	0.8219	0.8834	0.8515	0.8539	0.7807	0.8157
condor	0.8269	0.8111	0.8809	0.8446	0.8486	0.7651	0.8047
condor	0.8301	0.8196	0.8740	0.8460	0.8439	0.7797	0.8105
gossipcop=5464	epochs=100	train=0.05	val=0.35	test=0.60
gossipcop	0.9613	0.9685	0.9538	0.9611	0.9542	0.9688	0.9615
gossipcop	0.9637	0.9630	0.9647	0.9638	0.9645	0.9627	0.9636
gossipcop	0.9591	0.9604	0.9580	0.9592	0.9579	0.9602	0.9591
gossipcop	0.9555	0.9635	0.9471	0.9552	0.9477	0.9639	0.9557
gossipcop	0.9552	0.9595	0.9507	0.9551	0.9509	0.9596	0.9553
gossipcop=5464	epochs=100	train=0.10	val=0.30	test=0.60
gossipcop	0.9655	0.9507	0.9816	0.9659	0.9812	0.9497	0.9652
gossipcop	0.9665	0.9534	0.9804	0.9667	0.9800	0.9527	0.9662
gossipcop	0.9671	0.9551	0.9797	0.9673	0.9795	0.9545	0.9669
gossipcop	0.9649	0.9490	0.9822	0.9653	0.9818	0.9479	0.9645
gossipcop	0.9665	0.9540	0.9797	0.9667	0.9795	0.9533	0.9662
gossipcop=5464	epochs=100	train=0.20	val=0.30	test=0.50
gossipcop	0.9693	0.9674	0.9702	0.9688	0.9711	0.9683	0.9697
gossipcop	0.9722	0.9655	0.9784	0.9719	0.9788	0.9662	0.9725
gossipcop	0.9715	0.9668	0.9754	0.9711	0.9760	0.9676	0.9718
gossipcop	0.9674	0.9597	0.9747	0.9671	0.9751	0.9604	0.9677
gossipcop	0.9726	0.9662	0.9784	0.9723	0.9789	0.9669	0.9728
gossipcop=5464	epochs=100	train=0.50	val=0.20	test=0.30
gossipcop	0.9829	0.9745	0.9913	0.9828	0.9914	0.9748	0.9830
gossipcop	0.9805	0.9743	0.9864	0.9803	0.9866	0.9748	0.9807
gossipcop	0.9823	0.9779	0.9864	0.9821	0.9867	0.9784	0.9825
gossipcop	0.9823	0.9744	0.9901	0.9822	0.9902	0.9748	0.9824
gossipcop	0.9823	0.9756	0.9889	0.9822	0.9890	0.9760	0.9825
